2001-01-01T00:00:00.000Z
5.962641
50.666519
39.124100
56.629160
2001-01-09T00:00:00.000Z
5.944960
51.158298
38.484184
57.103259
2001-01-17T00:00:00.000Z
5.956096
51.375301
38.276623
57.331398
2001-01-25T00:00:00.000Z
5.966347
50.451839
39.415375
56.418186
2001-02-02T00:00:00.000Z
5.998781
50.216419
39.574905
56.215200
2001-02-10T00:00:00.000Z
6.837395
50.429493
38.465744
57.266888
2001-02-18T00:00:00.000Z
8.760855
51.842541
35.168606
60.603395
2001-02-26T00:00:00.000Z
10.358550
49.949982
35.300552
60.308532
2001-03-02T00:00:00.000Z
10.777742
49.934307
34.943340
60.712049
2001-03-10T00:00:00.000Z
11.992805
48.430557
35.262917
60.423363
2001-03-18T00:00:00.000Z
12.756577
48.254795
34.742050
61.011373
2001-03-26T00:00:00.000Z
12.481685
48.719227
34.633896
61.200912
2001-04-03T00:00:00.000Z
12.226550
49.006702
34.610657
61.233253
2001-04-11T00:00:00.000Z
11.710865
49.476692
34.633495
61.187557
2001-04-19T00:00:00.000Z
12.062882
50.571045
33.101990
62.633927
2001-04-27T00:00:00.000Z
14.719792
50.938412
29.743059
65.658204
2001-05-01T00:00:00.000Z
16.077545
51.161774
27.899879
67.239319
2001-05-09T00:00:00.000Z
16.924770
50.716686
27.334126
67.641457
2001-05-17T00:00:00.000Z
17.137012
49.794094
27.957190
66.931107
2001-05-25T00:00:00.000Z
16.481237
49.387550
29.131655
65.868788
2001-06-02T00:00:00.000Z
16.614311
49.063068
29.303150
65.677380
2001-06-10T00:00:00.000Z
16.989138
48.796265
29.062637
65.785402
2001-06-18T00:00:00.000Z
17.540609
48.522144
28.753014
66.062754
2001-07-04T00:00:00.000Z
15.749854
49.711189
29.210093
65.461043
2001-07-12T00:00:00.000Z
14.794059
50.417995
29.596512
65.212054
2001-07-20T00:00:00.000Z
13.148828
51.098591
30.625351
64.247418
2001-07-28T00:00:00.000Z
12.721572
51.160362
31.035700
63.881934
2001-08-01T00:00:00.000Z
12.106531
51.538601
31.319653
63.645132
2001-08-09T00:00:00.000Z
11.310737
52.171257
31.546530
63.481994
2001-08-17T00:00:00.000Z
10.284837
52.426613
32.409420
62.711450
2001-08-25T00:00:00.000Z
8.604574
52.134361
34.493526
60.738935
2001-09-02T00:00:00.000Z
7.928016
52.083862
35.277534
60.011878
2001-09-10T00:00:00.000Z
6.799324
51.698933
36.948677
58.498257
2001-09-18T00:00:00.000Z
6.440865
51.434357
37.705093
57.875221
2001-09-26T00:00:00.000Z
6.121306
51.463936
38.082653
57.585242
2001-10-04T00:00:00.000Z
6.268989
51.459713
37.801617
57.728702
2001-10-12T00:00:00.000Z
6.047687
49.959656
39.652088
56.007343
2001-10-20T00:00:00.000Z
6.050018
49.037064
40.650414
55.087082
2001-10-28T00:00:00.000Z
6.345661
49.686810
39.707344
56.032471
2001-11-01T00:00:00.000Z
5.949068
49.828266
40.009174
55.777334
2001-11-09T00:00:00.000Z
5.896550
49.151901
40.821751
55.048451
2001-11-17T00:00:00.000Z
5.758836
48.901066
41.234253
54.659902
2001-11-25T00:00:00.000Z
4.820513
48.010124
43.100697
52.830637
2001-12-03T00:00:00.000Z
4.261006
47.955238
43.739082
52.216244
2001-12-11T00:00:00.000Z
3.741670
48.708401
43.502014
52.450071
2001-12-19T00:00:00.000Z
3.940774
48.950672
43.108006
52.891446
2001-12-27T00:00:00.000Z
4.166796
49.524605
42.276314
53.691401
2002-01-01T00:00:00.000Z
4.305197
49.424660
42.209366
53.729857
2002-01-09T00:00:00.000Z
4.745437
49.251770
41.964981
53.997207
2002-01-17T00:00:00.000Z
4.917552
50.128723
40.910442
55.046275
2002-01-25T00:00:00.000Z
6.054119
51.547409
38.270348
57.601528
2002-02-02T00:00:00.000Z
7.160293
49.636669
39.188698
56.796962
2002-02-10T00:00:00.000Z
6.728474
48.281757
41.085045
55.010231
2002-02-18T00:00:00.000Z
6.509110
48.161980
41.495895
54.671090
2002-02-26T00:00:00.000Z
7.117500
48.668339
40.326660
55.785839
2002-03-02T00:00:00.000Z
6.874023
49.589096
39.615082
56.463120
2002-03-10T00:00:00.000Z
6.277680
50.838802
38.929111
57.116483
2002-03-18T00:00:00.000Z
6.424368
50.066547
39.573685
56.490915
2002-03-26T00:00:00.000Z
6.816069
50.003944
39.280136
56.820014
2002-04-03T00:00:00.000Z
6.984035
50.223942
38.749359
57.207976
2002-04-11T00:00:00.000Z
7.053840
50.465828
38.394089
57.519668
2002-04-19T00:00:00.000Z
8.273697
51.324951
36.169109
59.598648
2002-04-27T00:00:00.000Z
8.943230
50.854527
35.861404
59.797756
2002-05-01T00:00:00.000Z
9.536517
50.395725
35.694286
59.932242
2002-05-09T00:00:00.000Z
10.763161
49.854931
34.949619
60.618092
2002-05-17T00:00:00.000Z
11.517244
49.920719
34.071987
61.437963
2002-05-25T00:00:00.000Z
11.373827
49.822842
34.154751
61.196669
2002-06-02T00:00:00.000Z
11.741908
49.879776
33.658855
61.621684
2002-06-10T00:00:00.000Z
13.091495
50.050777
32.010914
63.142272
2002-06-18T00:00:00.000Z
12.116931
49.702843
33.381409
61.819774
2002-06-26T00:00:00.000Z
11.504836
49.482620
34.265060
60.987456
2002-07-04T00:00:00.000Z
10.604878
48.756805
36.082794
59.361684
2002-07-12T00:00:00.000Z
10.203147
48.807335
36.460178
59.010482
2002-07-20T00:00:00.000Z
9.623998
48.833504
37.026814
58.457501
2002-07-28T00:00:00.000Z
8.932322
49.570068
36.951908
58.502390
2002-08-01T00:00:00.000Z
8.368210
50.332653
36.745117
58.700863
2002-08-09T00:00:00.000Z
7.795460
49.668816
38.091110
57.464275
2002-08-17T00:00:00.000Z
6.996471
48.986553
39.751442
55.983025
2002-08-25T00:00:00.000Z
6.219645
49.230492
40.360878
55.450137
2002-09-02T00:00:00.000Z
5.621333
49.449669
40.753441
55.071002
2002-09-10T00:00:00.000Z
4.439113
49.535267
41.951920
53.974380
2002-09-18T00:00:00.000Z
3.777886
48.917717
43.390015
52.695603
2002-09-26T00:00:00.000Z
3.647239
48.152283
44.382061
51.799522
2002-10-04T00:00:00.000Z
3.581747
47.728886
44.907047
51.310633
2002-10-12T00:00:00.000Z
3.401671
47.654530
45.236229
51.056201
2002-10-20T00:00:00.000Z
3.247270
47.330135
45.809483
50.577405
2002-10-28T00:00:00.000Z
3.199664
46.924267
46.315063
50.123931
2002-11-01T00:00:00.000Z
3.200613
46.950314
46.223988
50.150927
2002-11-09T00:00:00.000Z
3.053437
47.455521
45.731007
50.508957
2002-11-17T00:00:00.000Z
2.942915
47.260914
46.030006
50.203829
2002-11-25T00:00:00.000Z
2.433995
46.890892
47.017063
49.324888
2002-12-03T00:00:00.000Z
2.185696
46.241795
48.012581
48.427490
2002-12-11T00:00:00.000Z
2.441834
45.706429
48.344097
48.148263
2002-12-19T00:00:00.000Z
2.850851
45.360668
48.194241
48.211519
2002-12-27T00:00:00.000Z
2.692377
45.637386
48.094063
48.329764
2003-01-01T00:00:00.000Z
2.537103
45.270580
48.724052
47.807683
2003-01-09T00:00:00.000Z
2.395752
44.698639
49.510910
47.094391
2003-01-17T00:00:00.000Z
2.275578
45.154915
49.227558
47.430493
2003-01-25T00:00:00.000Z
2.399611
46.017742
48.195412
48.417353
2003-02-02T00:00:00.000Z
3.411233
47.360043
45.775383
50.771275
2003-02-10T00:00:00.000Z
4.796242
46.545673
45.176819
51.341916
2003-02-18T00:00:00.000Z
5.008208
46.550549
45.008926
51.558756
2003-02-26T00:00:00.000Z
4.467940
46.361355
45.778778
50.829295
2003-03-02T00:00:00.000Z
4.310047
46.147533
46.152782
50.457580
2003-03-10T00:00:00.000Z
4.363770
45.876030
46.372192
50.239800
2003-03-18T00:00:00.000Z
4.659027
46.272991
45.671173
50.932018
2003-03-26T00:00:00.000Z
6.048900
47.987312
42.331520
54.036212
2003-04-03T00:00:00.000Z
7.354010
46.919350
42.055885
54.273360
2003-04-11T00:00:00.000Z
8.095161
47.676270
40.505489
55.771431
2003-04-19T00:00:00.000Z
8.705607
46.810455
40.808334
55.516063
2003-04-27T00:00:00.000Z
8.458092
46.301968
41.499245
54.760059
2003-05-01T00:00:00.000Z
8.501233
46.516499
41.171722
55.017732
2003-05-09T00:00:00.000Z
8.510521
47.106285
40.457378
55.616806
2003-05-17T00:00:00.000Z
8.753325
47.367641
39.910034
56.120967
2003-05-25T00:00:00.000Z
8.985464
47.042679
39.927418
56.028143
2003-06-02T00:00:00.000Z
8.993830
47.214287
39.685848
56.208117
2003-06-10T00:00:00.000Z
8.993469
47.166000
39.764996
56.159470
2003-06-18T00:00:00.000Z
8.764357
47.071381
40.118786
55.835737
2003-06-26T00:00:00.000Z
10.695179
47.611446
37.451427
58.306625
2003-07-04T00:00:00.000Z
10.685117
47.103657
37.999702
57.788774
2003-07-12T00:00:00.000Z
9.615294
46.649506
39.604733
56.264799
2003-07-20T00:00:00.000Z
8.988298
46.290657
40.633572
55.278955
2003-07-28T00:00:00.000Z
8.338933
46.442669
41.225319
54.781602
2003-08-01T00:00:00.000Z
7.934638
46.745029
41.357426
54.679667
2003-08-09T00:00:00.000Z
7.336741
47.164536
41.577271
54.501276
2003-08-17T00:00:00.000Z
6.734879
46.282104
43.171127
53.016983
2003-08-25T00:00:00.000Z
5.458682
46.720856
44.058681
52.179537
2003-09-02T00:00:00.000Z
5.062373
46.843609
44.370731
51.905982
2003-09-10T00:00:00.000Z
4.111799
46.595547
45.660503
50.707346
2003-09-18T00:00:00.000Z
3.399027
46.554897
46.494293
49.953924
2003-09-26T00:00:00.000Z
2.894481
46.843895
46.743515
49.738376
2003-10-04T00:00:00.000Z
2.689392
46.055176
47.821316
48.744567
2003-10-12T00:00:00.000Z
2.460917
46.055721
48.049576
48.516638
2003-10-20T00:00:00.000Z
2.450906
45.763710
48.394146
48.214616
2003-10-28T00:00:00.000Z
2.287071
45.576263
48.819057
47.863334
2003-11-01T00:00:00.000Z
2.161562
45.571178
48.994152
47.732741
2003-11-09T00:00:00.000Z
2.071867
45.719994
49.018681
47.791861
2003-11-17T00:00:00.000Z
2.615849
45.922188
48.156136
48.538037
2003-11-25T00:00:00.000Z
3.097676
44.606899
49.006840
47.704575
2003-12-03T00:00:00.000Z
3.304726
43.884090
49.628380
47.188816
2003-12-11T00:00:00.000Z
3.107054
43.752426
50.001858
46.859480
2003-12-19T00:00:00.000Z
3.031618
42.993652
50.855621
46.025270
2003-12-27T00:00:00.000Z
2.722210
43.989296
50.198582
46.711506
2004-01-01T00:00:00.000Z
2.639894
45.463718
48.825314
48.103613
2004-01-09T00:00:00.000Z
3.028906
44.858067
48.954132
47.886972
2004-01-17T00:00:00.000Z
3.094049
44.302010
49.462185
47.396058
2004-01-25T00:00:00.000Z
2.905203
45.550449
48.481060
48.455653
2004-02-02T00:00:00.000Z
2.830050
45.328201
48.766331
48.158252
2004-02-10T00:00:00.000Z
3.071692
46.314457
47.523952
49.386149
2004-02-18T00:00:00.000Z
3.576402
48.278469
44.945465
51.854872
2004-02-26T00:00:00.000Z
5.151025
45.388138
46.192196
50.539163
2004-03-01T00:00:00.000Z
5.563139
45.821053
45.318653
51.384192
2004-03-09T00:00:00.000Z
6.855323
45.720604
44.109669
52.575927
2004-03-17T00:00:00.000Z
7.456828
45.291981
44.014084
52.748808
2004-03-25T00:00:00.000Z
7.774146
45.192379
43.787483
52.966525
2004-04-02T00:00:00.000Z
8.123675
46.840076
41.688850
54.963752
2004-04-10T00:00:00.000Z
10.782022
48.229172
37.514557
59.011193
2004-04-18T00:00:00.000Z
11.380459
46.384193
38.767235
57.764652
2004-04-26T00:00:00.000Z
11.580988
46.069382
38.825836
57.650370
2004-05-04T00:00:00.000Z
12.120236
45.908604
38.372078
58.028840
2004-05-12T00:00:00.000Z
12.461267
46.028507
37.829021
58.489774
2004-05-20T00:00:00.000Z
13.033451
45.968971
37.243698
59.002422
2004-05-28T00:00:00.000Z
13.137548
45.599056
37.393467
58.736605
2004-06-01T00:00:00.000Z
12.953802
45.620510
37.564674
58.574312
2004-06-09T00:00:00.000Z
12.306652
46.218525
37.647556
58.525177
2004-06-17T00:00:00.000Z
11.766335
46.684994
37.690689
58.451329
2004-06-25T00:00:00.000Z
11.563739
46.623989
37.980152
58.187728
2004-07-03T00:00:00.000Z
11.384354
46.665268
38.184246
58.049622
2004-07-11T00:00:00.000Z
12.115951
47.119270
36.956974
59.235221
2004-07-19T00:00:00.000Z
13.619637
45.779594
36.685116
59.399231
2004-07-27T00:00:00.000Z
13.153993
46.601959
36.246922
59.755952
2004-08-04T00:00:00.000Z
11.600828
46.701797
37.790371
58.302626
2004-08-12T00:00:00.000Z
10.837378
45.974380
39.373840
56.811758
2004-08-20T00:00:00.000Z
10.834134
45.481842
39.980019
56.315976
2004-08-28T00:00:00.000Z
10.273581
45.464878
40.655849
55.738459
2004-09-01T00:00:00.000Z
10.284469
45.448185
40.667980
55.732654
2004-09-09T00:00:00.000Z
10.093725
45.120010
41.372608
55.213736
2004-09-17T00:00:00.000Z
9.748239
45.030231
41.881596
54.778470
2004-09-25T00:00:00.000Z
8.803644
45.491516
42.377663
54.295160
2004-10-03T00:00:00.000Z
7.599056
45.787476
43.328522
53.386532
2004-10-11T00:00:00.000Z
6.738753
46.101059
43.897831
52.839812
2004-10-19T00:00:00.000Z
6.178017
46.730999
43.851765
52.909016
2004-10-27T00:00:00.000Z
5.653268
47.039223
44.065529
52.692491
2004-11-04T00:00:00.000Z
5.321584
45.729469
45.693996
51.051054
2004-11-12T00:00:00.000Z
4.720841
46.071583
46.010555
50.792424
2004-11-20T00:00:00.000Z
4.501563
46.778332
45.483143
51.279894
2004-11-28T00:00:00.000Z
4.093629
45.902615
46.771057
49.996244
2004-12-02T00:00:00.000Z
3.832189
45.710304
47.240452
49.542493
2004-12-10T00:00:00.000Z
3.691372
45.466995
47.709270
49.158368
2004-12-18T00:00:00.000Z
3.812546
45.887264
47.199238
49.699810
2004-12-26T00:00:00.000Z
3.522758
46.530563
46.818375
50.053322
2005-01-01T00:00:00.000Z
3.458227
46.253933
47.176960
49.712160
2005-01-09T00:00:00.000Z
3.382270
45.662346
47.851696
49.044616
2005-01-17T00:00:00.000Z
3.242818
45.516842
48.190796
48.759660
2005-01-25T00:00:00.000Z
3.394912
45.542416
48.050335
48.937327
2005-02-02T00:00:00.000Z
3.322286
45.664505
48.008392
48.986791
2005-02-10T00:00:00.000Z
3.471080
45.975460
47.523041
49.446540
2005-02-18T00:00:00.000Z
3.833124
46.626186
46.519333
50.459310
2005-02-26T00:00:00.000Z
3.983123
48.347744
44.703979
52.330867
2005-03-02T00:00:00.000Z
3.918288
48.944904
44.153400
52.863193
2005-03-10T00:00:00.000Z
3.970709
48.870293
44.127586
52.841001
2005-03-18T00:00:00.000Z
4.295104
48.149940
44.503063
52.445045
2005-03-26T00:00:00.000Z
4.613739
48.472645
43.810131
53.086384
2005-04-03T00:00:00.000Z
4.931221
48.307175
43.585480
53.238396
2005-04-11T00:00:00.000Z
5.479661
48.424625
42.850903
53.904286
2005-04-19T00:00:00.000Z
6.041711
48.824856
41.879448
54.866567
2005-04-27T00:00:00.000Z
6.516188
48.419235
41.806515
54.935423
2005-05-01T00:00:00.000Z
8.416950
46.766006
41.606846
55.182957
2005-05-09T00:00:00.000Z
10.274874
47.778740
38.271736
58.053614
2005-05-17T00:00:00.000Z
11.220466
47.119808
37.912788
58.340274
2005-05-25T00:00:00.000Z
12.696265
46.188702
37.361374
58.884967
2005-06-02T00:00:00.000Z
13.584802
45.478985
37.258442
59.063787
2005-06-10T00:00:00.000Z
15.904572
45.437496
34.829613
61.342069
2005-06-18T00:00:00.000Z
15.211650
46.030567
34.783039
61.242217
2005-06-26T00:00:00.000Z
14.440245
45.206474
36.463978
59.646719
2005-07-04T00:00:00.000Z
13.619381
45.169140
37.407261
58.788521
2005-07-12T00:00:00.000Z
13.330196
45.613785
37.221115
58.943981
2005-07-20T00:00:00.000Z
12.734856
45.645096
37.823856
58.379951
2005-07-28T00:00:00.000Z
12.180378
45.500648
38.639175
57.681026
2005-08-01T00:00:00.000Z
11.859793
45.768276
38.682541
57.628069
2005-08-09T00:00:00.000Z
10.852386
46.134003
39.362946
56.986388
2005-08-17T00:00:00.000Z
9.538660
46.593788
40.268478
56.132448
2005-08-25T00:00:00.000Z
8.685942
47.215218
40.440891
55.901159
2005-09-02T00:00:00.000Z
7.653231
46.654724
42.185581
54.307955
2005-09-10T00:00:00.000Z
6.383844
46.862854
43.346603
53.246698
2005-09-18T00:00:00.000Z
5.662067
46.675709
44.283642
52.337776
2005-09-26T00:00:00.000Z
5.113616
46.805710
44.770451
51.919325
2005-10-04T00:00:00.000Z
4.531432
46.369072
45.859020
50.900504
2005-10-12T00:00:00.000Z
4.079525
45.673538
47.073498
49.753063
2005-10-20T00:00:00.000Z
3.573728
45.847492
47.440296
49.421221
2005-10-28T00:00:00.000Z
3.253853
46.182568
47.442562
49.436420
2005-11-01T00:00:00.000Z
3.122677
46.023735
47.748711
49.146412
2005-11-09T00:00:00.000Z
2.846356
45.845695
48.275169
48.692051
2005-11-17T00:00:00.000Z
2.688503
46.431282
47.898388
49.119785
2005-11-25T00:00:00.000Z
2.733434
46.151043
48.099865
48.884477
2005-12-03T00:00:00.000Z
2.477307
45.551952
48.950005
48.029259
2005-12-11T00:00:00.000Z
2.227537
45.520355
49.255272
47.747892
2005-12-19T00:00:00.000Z
2.310649
45.526363
49.151733
47.837013
2005-12-27T00:00:00.000Z
2.566301
45.658253
48.772633
48.224554
2006-01-01T00:00:00.000Z
2.618766
46.299736
48.047047
48.918502
2006-01-09T00:00:00.000Z
4.046094
48.838356
44.017857
52.884450
2006-01-17T00:00:00.000Z
4.603886
46.467361
45.798264
51.071248
2006-01-25T00:00:00.000Z
5.530012
45.370747
45.945461
50.900759
2006-02-02T00:00:00.000Z
6.071128
45.253986
45.464039
51.325114
2006-02-10T00:00:00.000Z
7.348427
45.424953
44.081196
52.773380
2006-02-18T00:00:00.000Z
8.043777
45.132549
43.668560
53.176326
2006-02-26T00:00:00.000Z
9.889280
45.604259
41.275154
55.493540
2006-03-02T00:00:00.000Z
10.824263
47.617332
38.262539
58.441595
2006-03-10T00:00:00.000Z
11.709562
45.623020
39.444168
57.332582
2006-03-18T00:00:00.000Z
12.539865
44.252171
40.051403
56.792035
2006-03-26T00:00:00.000Z
13.599747
44.094120
39.207985
57.693867
2006-04-03T00:00:00.000Z
15.769521
44.876602
36.259407
60.646123
2006-04-11T00:00:00.000Z
17.463232
45.129887
34.131508
62.593119
2006-04-19T00:00:00.000Z
18.554617
44.578964
33.468285
63.133581
2006-04-27T00:00:00.000Z
20.012560
43.274837
33.257557
63.287397
2006-05-01T00:00:00.000Z
20.504389
43.120083
32.934574
63.624472
2006-05-09T00:00:00.000Z
21.327997
42.693882
32.546211
64.021879
2006-05-17T00:00:00.000Z
22.259111
42.179516
32.139027
64.438627
2006-05-25T00:00:00.000Z
22.142500
42.459080
32.023109
64.601580
2006-06-02T00:00:00.000Z
21.168484
43.026340
32.462559
64.194824
2006-06-10T00:00:00.000Z
21.078392
43.492886
32.029709
64.571278
2006-06-18T00:00:00.000Z
20.882107
43.654243
32.068241
64.536350
2006-06-26T00:00:00.000Z
20.344250
44.071114
32.219734
64.415363
2006-07-04T00:00:00.000Z
19.473825
44.677700
32.480770
64.151525
2006-07-12T00:00:00.000Z
19.084091
44.764332
32.784836
63.848423
2006-07-20T00:00:00.000Z
18.509157
45.205040
32.941353
63.714197
2006-07-28T00:00:00.000Z
17.378952
45.693584
33.624046
63.072536
2006-08-01T00:00:00.000Z
16.391550
45.914928
34.412006
62.306479
2006-08-09T00:00:00.000Z
14.939798
46.605316
35.177597
61.545115
2006-08-17T00:00:00.000Z
13.719620
47.411285
35.586914
61.130905
2006-08-25T00:00:00.000Z
12.631223
47.701939
36.457851
60.333161
2006-09-02T00:00:00.000Z
11.910865
47.238331
37.731846
59.149196
2006-09-10T00:00:00.000Z
11.161261
47.824760
37.773315
58.986021
2006-09-18T00:00:00.000Z
9.441260
48.218113
39.097919
57.659373
2006-09-26T00:00:00.000Z
8.565050
47.714039
40.562229
56.279089
2006-10-04T00:00:00.000Z
8.235063
47.876228
40.716816
56.111291
2006-10-12T00:00:00.000Z
7.526621
48.521000
40.757767
56.047621
2006-10-20T00:00:00.000Z
7.511332
49.693619
39.612770
57.204950
2006-10-28T00:00:00.000Z
8.547788
50.471867
37.676754
59.019654
2006-11-01T00:00:00.000Z
8.874066
48.671272
39.184052
57.545339
2006-11-09T00:00:00.000Z
8.671152
45.950069
42.110947
54.621222
2006-11-17T00:00:00.000Z
7.959742
46.003941
42.724377
53.963683
2006-11-25T00:00:00.000Z
6.950886
46.330940
43.345695
53.281826
2006-12-03T00:00:00.000Z
6.763794
46.586788
43.297157
53.350582
2006-12-11T00:00:00.000Z
6.332458
47.546566
42.872292
53.879025
2006-12-19T00:00:00.000Z
5.896484
46.819374
44.040585
52.715858
2006-12-27T00:00:00.000Z
5.766901
45.475300
45.526222
51.242200
2007-01-01T00:00:00.000Z
5.713654
45.693710
45.358883
51.407364
2007-01-09T00:00:00.000Z
6.647112
45.813698
44.283176
52.460810
2007-01-17T00:00:00.000Z
7.248314
45.154896
44.381233
52.403210
2007-01-25T00:00:00.000Z
7.302976
45.479340
44.031460
52.782315
2007-02-02T00:00:00.000Z
6.662571
46.252094
43.959278
52.914666
2007-02-10T00:00:00.000Z
6.321169
46.971268
43.611752
53.292437
2007-02-18T00:00:00.000Z
6.170347
47.854893
42.852200
54.025240
2007-02-26T00:00:00.000Z
6.539918
47.740852
42.530052
54.280771
2007-03-02T00:00:00.000Z
6.998526
46.859146
42.953972
53.857672
2007-03-10T00:00:00.000Z
7.401315
46.699940
42.727806
54.101255
2007-03-18T00:00:00.000Z
6.960853
48.271690
41.593307
55.232543
2007-03-26T00:00:00.000Z
6.979350
48.285465
41.542122
55.264815
2007-04-03T00:00:00.000Z
7.459840
48.360806
40.973965
55.820646
2007-04-11T00:00:00.000Z
7.785764
48.562851
40.407742
56.348615
2007-04-19T00:00:00.000Z
8.378572
48.532463
39.833462
56.911036
2007-04-27T00:00:00.000Z
10.271125
47.645741
38.704266
57.916865
2007-05-01T00:00:00.000Z
11.636331
47.359100
37.431915
58.995431
2007-05-09T00:00:00.000Z
11.753162
47.021141
37.555054
58.774303
2007-05-17T00:00:00.000Z
11.872241
47.054588
37.462811
58.926829
2007-05-25T00:00:00.000Z
12.456799
46.958778
36.878391
59.415577
2007-06-02T00:00:00.000Z
12.584459
46.917770
36.715855
59.502230
2007-06-10T00:00:00.000Z
12.094259
46.814392
37.414761
58.908651
2007-06-18T00:00:00.000Z
11.776256
47.116077
37.397335
58.892333
2007-06-26T00:00:00.000Z
12.093191
47.786442
36.351604
59.879633
2007-07-04T00:00:00.000Z
12.300083
47.241817
36.631809
59.541901
2007-07-12T00:00:00.000Z
11.919941
46.925251
37.255905
58.845192
2007-07-20T00:00:00.000Z
11.249773
46.880711
37.978447
58.130484
2007-07-28T00:00:00.000Z
11.290835
47.102097
37.733963
58.392932
2007-08-01T00:00:00.000Z
10.559419
47.228558
38.398968
57.787976
2007-08-09T00:00:00.000Z
9.160660
47.851330
39.244804
57.011990
2007-08-17T00:00:00.000Z
7.811360
48.098030
40.465431
55.909390
2007-08-25T00:00:00.000Z
7.025279
48.198975
41.245789
55.224253
2007-09-02T00:00:00.000Z
6.255678
48.286522
41.896347
54.542200
2007-09-10T00:00:00.000Z
5.464715
48.170624
42.854507
53.635339
2007-09-18T00:00:00.000Z
5.137096
47.919735
43.528755
53.056831
2007-09-26T00:00:00.000Z
4.607116
47.831520
44.190163
52.438636
2007-10-04T00:00:00.000Z
4.314120
47.751175
44.600697
52.065295
2007-10-12T00:00:00.000Z
4.219375
47.762756
44.727386
51.982131
2007-10-20T00:00:00.000Z
3.777558
47.482655
45.457069
51.260213
2007-10-28T00:00:00.000Z
3.331384
47.378983
46.068790
50.710366
2007-11-01T00:00:00.000Z
3.170575
47.350586
46.321671
50.521161
2007-11-09T00:00:00.000Z
3.156659
47.500355
46.245224
50.657014
2007-11-17T00:00:00.000Z
3.537532
46.952850
46.342636
50.490382
2007-11-25T00:00:00.000Z
3.284213
46.643143
46.893154
49.927356
2007-12-03T00:00:00.000Z
2.863227
46.428188
47.666096
49.291415
2007-12-11T00:00:00.000Z
3.969590
47.894932
45.065735
51.864522
2007-12-19T00:00:00.000Z
4.157559
48.181797
44.593410
52.339356
2007-12-27T00:00:00.000Z
3.764657
45.666206
47.567123
49.430863
2008-01-01T00:00:00.000Z
3.464547
45.742649
47.815147
49.207196
2008-01-09T00:00:00.000Z
3.392741
46.119942
47.464966
49.512683
2008-01-17T00:00:00.000Z
3.579040
46.999577
46.351463
50.578617
2008-01-25T00:00:00.000Z
3.417204
47.505947
46.046036
50.923151
2008-02-02T00:00:00.000Z
3.475554
48.051830
45.421474
51.527385
2008-02-10T00:00:00.000Z
4.554551
48.278797
44.062088
52.833348
2008-02-18T00:00:00.000Z
4.941062
46.943974
45.036629
51.885036
2008-02-26T00:00:00.000Z
4.716164
46.389664
45.810730
51.105828
2008-03-01T00:00:00.000Z
4.777442
46.310265
45.843025
51.087707
2008-03-09T00:00:00.000Z
4.801725
47.032742
45.080868
51.834467
2008-03-17T00:00:00.000Z
4.668957
47.892174
44.339298
52.561131
2008-03-25T00:00:00.000Z
5.071588
48.115299
43.729748
53.186887
2008-04-02T00:00:00.000Z
5.797136
47.471645
43.574467
53.268781
2008-04-10T00:00:00.000Z
5.797924
47.896015
43.037819
53.693939
2008-04-18T00:00:00.000Z
6.273993
47.923950
42.485420
54.197944
2008-04-26T00:00:00.000Z
6.896046
48.137615
41.563850
55.033661
2008-05-04T00:00:00.000Z
7.638430
48.759224
40.055382
56.397654
2008-05-12T00:00:00.000Z
7.871368
48.318272
40.279331
56.189640
2008-05-20T00:00:00.000Z
8.099131
47.421051
40.961708
55.520182
2008-05-28T00:00:00.000Z
8.477896
47.718132
40.233906
56.196028
2008-06-01T00:00:00.000Z
8.400924
48.149464
39.828777
56.550387
2008-06-09T00:00:00.000Z
8.805715
48.404190
39.095055
57.209905
2008-06-17T00:00:00.000Z
8.930853
47.933907
39.401676
56.864759
2008-06-25T00:00:00.000Z
8.263509
47.784470
40.267017
56.047978
2008-07-03T00:00:00.000Z
8.122568
47.463173
40.722610
55.585741
2008-07-11T00:00:00.000Z
8.008033
47.615299
40.661236
55.623332
2008-07-19T00:00:00.000Z
7.376988
47.796692
41.176327
55.173680
2008-07-27T00:00:00.000Z
7.108408
47.787914
41.501801
54.896323
2008-08-04T00:00:00.000Z
6.567333
47.618904
42.202583
54.186237
2008-08-12T00:00:00.000Z
5.784142
46.892967
43.812706
52.677110
2008-08-20T00:00:00.000Z
5.192235
46.723309
44.693214
51.915544
2008-08-28T00:00:00.000Z
4.224422
47.280441
45.159252
51.504864
2008-09-01T00:00:00.000Z
3.803253
47.833702
45.037701
51.636955
2008-09-09T00:00:00.000Z
3.357197
47.391685
45.951103
50.748882
2008-09-17T00:00:00.000Z
2.933109
46.892395
46.857891
49.825504
2008-09-25T00:00:00.000Z
2.550091
46.433556
47.812244
48.983647
2008-10-03T00:00:00.000Z
2.267649
46.209152
48.428638
48.476802
2008-10-11T00:00:00.000Z
2.170978
46.152912
48.602158
48.323890
2008-10-19T00:00:00.000Z
2.162142
46.870068
47.856464
49.032210
2008-10-27T00:00:00.000Z
1.899691
46.073803
48.930721
47.973494
2008-11-04T00:00:00.000Z
1.569709
45.037457
50.366493
46.607165
2008-11-12T00:00:00.000Z
1.524664
46.534580
48.948334
48.059244
2008-11-20T00:00:00.000Z
1.926260
48.315144
46.705593
50.241404
2008-11-28T00:00:00.000Z
3.538808
44.503189
48.878098
48.041997
2008-12-02T00:00:00.000Z
3.880412
43.828285
49.241493
47.708697
2008-12-10T00:00:00.000Z
4.587131
43.293423
49.114651
47.880553
2008-12-18T00:00:00.000Z
4.390808
43.458763
49.197250
47.849571
2008-12-26T00:00:00.000Z
4.092077
44.288223
48.747486
48.380300
2009-01-01T00:00:00.000Z
3.597722
44.733406
48.813797
48.331128
2009-01-09T00:00:00.000Z
3.278882
44.705994
49.142487
47.984876
2009-01-17T00:00:00.000Z
3.059315
45.060307
49.001453
48.119622
2009-01-25T00:00:00.000Z
3.107436
45.241104
48.753136
48.348541
2009-02-02T00:00:00.000Z
3.925020
46.376003
46.743034
50.301023
2009-02-10T00:00:00.000Z
3.697502
45.945305
47.386238
49.642807
2009-02-18T00:00:00.000Z
3.627653
46.340393
47.033672
49.968046
2009-02-26T00:00:00.000Z
4.350082
47.130283
45.542927
51.480365
2009-03-02T00:00:00.000Z
4.160703
46.319164
46.495056
50.479867
2009-03-10T00:00:00.000Z
3.984540
45.775673
47.204414
49.760213
2009-03-18T00:00:00.000Z
3.876607
46.488472
46.651531
50.365079
2009-03-26T00:00:00.000Z
4.188426
46.999893
45.789333
51.188320
2009-04-03T00:00:00.000Z
4.730319
47.172321
44.989956
51.902640
2009-04-11T00:00:00.000Z
5.305175
47.503395
44.037907
52.808570
2009-04-19T00:00:00.000Z
6.421033
49.108727
41.154442
55.529760
2009-04-27T00:00:00.000Z
7.052704
48.213955
41.320072
55.266659
2009-05-01T00:00:00.000Z
7.331315
47.455772
41.828495
54.787087
2009-05-09T00:00:00.000Z
7.934740
46.904854
41.751286
54.839594
2009-05-17T00:00:00.000Z
8.522895
46.644943
41.356915
55.167838
2009-05-25T00:00:00.000Z
8.406962
47.084888
41.010181
55.491851
2009-06-02T00:00:00.000Z
10.358324
47.328049
38.733105
57.686373
2009-06-10T00:00:00.000Z
11.150409
46.608547
38.629124
57.758956
2009-06-18T00:00:00.000Z
10.493354
46.826500
39.007530
57.319854
2009-06-26T00:00:00.000Z
11.206216
47.756912
37.235420
58.963128
2009-07-04T00:00:00.000Z
11.320728
46.855389
38.106762
58.176117
2009-07-12T00:00:00.000Z
10.309923
46.791908
39.193119
57.101831
2009-07-20T00:00:00.000Z
10.010133
46.339161
39.985386
56.349294
2009-07-28T00:00:00.000Z
9.223501
45.856476
41.356918
55.079977
2009-08-01T00:00:00.000Z
8.849203
45.703331
41.932625
54.552534
2009-08-09T00:00:00.000Z
8.266389
46.037151
42.192589
54.303540
2009-08-17T00:00:00.000Z
7.193676
46.549049
42.858738
53.742726
2009-08-25T00:00:00.000Z
6.246445
46.806629
43.560589
53.053074
2009-09-02T00:00:00.000Z
5.182615
46.499451
44.947876
51.682065
2009-09-10T00:00:00.000Z
4.477345
45.869133
46.452892
50.346478
2009-09-18T00:00:00.000Z
4.099279
45.797401
46.957214
49.896681
2009-09-26T00:00:00.000Z
3.542449
45.627289
47.692558
49.169738
2009-10-04T00:00:00.000Z
3.259094
45.579731
48.081429
48.838825
2009-10-12T00:00:00.000Z
2.860669
45.153435
48.955978
48.014103
2009-10-20T00:00:00.000Z
2.693167
45.367195
48.927082
48.060363
2009-10-28T00:00:00.000Z
2.815706
46.359947
47.764332
49.175653
2009-11-01T00:00:00.000Z
2.543591
46.290150
48.162079
48.833741
2009-11-09T00:00:00.000Z
2.336626
46.706188
47.938381
49.042814
2009-11-17T00:00:00.000Z
2.547758
44.722191
49.697098
47.269949
2009-11-25T00:00:00.000Z
2.184715
43.481777
51.345203
45.666492
2009-12-03T00:00:00.000Z
1.932745
43.386093
51.697906
45.318838
2009-12-11T00:00:00.000Z
2.122088
43.740078
51.131199
45.862166
2009-12-19T00:00:00.000Z
2.312582
43.806843
50.923309
46.119425
2009-12-27T00:00:00.000Z
2.159998
43.843952
51.107307
46.003950
2010-01-01T00:00:00.000Z
2.119062
43.924271
51.104721
46.043333
2010-01-09T00:00:00.000Z
2.000020
44.251110
50.925591
46.251130
2010-01-17T00:00:00.000Z
1.895786
44.153179
51.124294
46.048966
2010-01-25T00:00:00.000Z
1.808889
44.996315
50.380470
46.805204
2010-02-02T00:00:00.000Z
1.809956
46.127239
49.205490
47.937196
2010-02-10T00:00:00.000Z
2.274784
47.049606
47.839275
49.324390
2010-02-18T00:00:00.000Z
2.520691
46.858097
47.778225
49.378788
2010-02-26T00:00:00.000Z
2.471128
45.831406
48.779648
48.302533
2010-03-02T00:00:00.000Z
2.574845
45.619102
48.884277
48.193947
2010-03-10T00:00:00.000Z
2.958031
46.108597
48.007481
49.066628
2010-03-18T00:00:00.000Z
4.185865
47.734905
45.130173
51.920770
2010-03-26T00:00:00.000Z
4.336420
47.078041
45.540577
51.414461
2010-04-03T00:00:00.000Z
5.292438
46.590332
44.980186
51.882770
2010-04-11T00:00:00.000Z
5.822055
47.547291
43.440357
53.369346
2010-04-19T00:00:00.000Z
6.183232
48.466682
42.108490
54.649914
2010-04-27T00:00:00.000Z
6.916231
47.462624
42.311291
54.378855
2010-05-01T00:00:00.000Z
7.018890
47.128193
42.512356
54.147083
2010-05-09T00:00:00.000Z
6.942386
46.993011
42.800945
53.935398
2010-05-17T00:00:00.000Z
7.387838
46.849201
42.381874
54.237040
2010-05-25T00:00:00.000Z
7.589491
47.060394
41.897362
54.649886
2010-06-02T00:00:00.000Z
7.647250
46.852001
42.048214
54.499251
2010-06-10T00:00:00.000Z
7.763201
47.119431
41.702614
54.882631
2010-06-18T00:00:00.000Z
7.983333
46.249321
42.278419
54.232654
2010-06-26T00:00:00.000Z
7.576171
46.366024
42.444252
53.942195
2010-07-04T00:00:00.000Z
8.047666
46.521790
41.809753
54.569455
2010-07-12T00:00:00.000Z
8.455283
47.377373
40.517536
55.832656
2010-07-20T00:00:00.000Z
7.214969
46.572670
42.621578
53.787639
2010-07-28T00:00:00.000Z
6.497680
46.353149
43.681969
52.850830
2010-08-01T00:00:00.000Z
6.132322
46.403435
44.030724
52.535757
2010-08-09T00:00:00.000Z
5.490363
46.567322
44.502926
52.057685
2010-08-17T00:00:00.000Z
4.995634
46.823410
44.750340
51.819044
2010-08-25T00:00:00.000Z
4.362967
47.335743
44.894241
51.698710
2010-09-02T00:00:00.000Z
3.821606
48.630306
44.189709
52.451912
2010-09-10T00:00:00.000Z
3.859672
46.566208
46.379349
50.425880
2010-09-18T00:00:00.000Z
3.653788
45.084564
48.088547
48.738352
2010-09-26T00:00:00.000Z
3.879500
44.677059
48.328346
48.556560
2010-10-04T00:00:00.000Z
3.642554
44.905605
48.376472
48.548159
2010-10-12T00:00:00.000Z
3.257379
44.799774
48.963753
48.057153
2010-10-20T00:00:00.000Z
2.978527
45.038277
49.071960
48.016803
2010-10-28T00:00:00.000Z
2.434650
44.838947
49.824245
47.273597
2010-11-01T00:00:00.000Z
2.224512
44.645161
50.233074
46.869673
2010-11-09T00:00:00.000Z
2.027570
44.631233
50.512245
46.658803
2010-11-17T00:00:00.000Z
2.018724
45.092300
50.139038
47.111024
2010-11-25T00:00:00.000Z
1.954299
45.048092
50.220802
47.002391
2010-12-03T00:00:00.000Z
1.745336
44.248726
51.202171
45.994062
2010-12-11T00:00:00.000Z
1.826483
43.426277
51.974613
45.252760
2010-12-19T00:00:00.000Z
2.420474
45.675350
49.063499
48.095824
2010-12-27T00:00:00.000Z
3.656012
45.003841
48.416172
48.659854
2011-01-01T00:00:00.000Z
3.742304
43.955986
49.358109
47.698290
2011-01-09T00:00:00.000Z
5.307251
44.437813
47.346882
49.745064
2011-01-17T00:00:00.000Z
5.574369
44.177498
47.389069
49.751867
2011-01-25T00:00:00.000Z
5.469025
45.405285
46.325977
50.874310
2011-02-02T00:00:00.000Z
5.422751
45.503513
46.257317
50.926265
2011-02-10T00:00:00.000Z
5.900475
45.358490
45.930481
51.258965
2011-02-18T00:00:00.000Z
9.602284
48.373844
39.235054
57.976129
2011-02-26T00:00:00.000Z
11.478634
46.819134
38.717495
58.297768
2011-03-02T00:00:00.000Z
11.825796
46.359566
38.843773
58.185362
2011-03-10T00:00:00.000Z
13.674120
43.337528
40.023808
57.011648
2011-03-18T00:00:00.000Z
14.397004
42.953808
39.707382
57.350812
2011-03-26T00:00:00.000Z
14.475999
43.310604
39.268005
57.786603
2011-04-03T00:00:00.000Z
14.504378
43.602890
39.003254
58.107268
2011-04-11T00:00:00.000Z
13.786171
45.406998
37.913193
59.193169
2011-04-19T00:00:00.000Z
13.625685
46.115299
37.237991
59.740984
2011-04-27T00:00:00.000Z
13.991350
46.403248
36.481674
60.394598
2011-05-01T00:00:00.000Z
14.580298
46.310127
35.932552
60.890426
2011-05-09T00:00:00.000Z
15.125569
45.401375
36.281418
60.526944
2011-05-17T00:00:00.000Z
15.642717
44.937656
36.205723
60.580374
2011-05-25T00:00:00.000Z
15.179719
45.915539
35.632950
61.095258
2011-06-02T00:00:00.000Z
15.005017
46.325832
35.306057
61.330850
2011-06-10T00:00:00.000Z
15.862827
46.077099
34.457962
61.939926
2011-06-18T00:00:00.000Z
15.655770
45.844852
34.870358
61.500623
2011-06-26T00:00:00.000Z
15.564325
46.032890
34.758915
61.597216
2011-07-04T00:00:00.000Z
15.457706
45.227169
35.717777
60.684875
2011-07-12T00:00:00.000Z
16.719223
44.540833
35.164093
61.260056
2011-07-20T00:00:00.000Z
17.137753
46.188457
32.860950
63.326210
2011-07-28T00:00:00.000Z
17.187508
45.302296
33.707272
62.489803
2011-08-01T00:00:00.000Z
16.727949
44.326244
35.285591
61.054193
2011-08-09T00:00:00.000Z
16.116402
44.734272
35.592876
60.850674
2011-08-17T00:00:00.000Z
16.504526
44.237301
35.728745
60.741827
2011-08-25T00:00:00.000Z
16.313126
43.757019
36.478256
60.070145
2011-09-02T00:00:00.000Z
15.238586
43.933594
37.536697
59.172180
2011-09-10T00:00:00.000Z
13.984589
44.049740
38.775265
58.034328
2011-09-18T00:00:00.000Z
11.753150
45.256847
39.897785
57.009997
2011-09-26T00:00:00.000Z
10.471909
46.104393
40.334068
56.576302
2011-10-04T00:00:00.000Z
9.556044
46.935879
40.357128
56.491922
2011-10-12T00:00:00.000Z
8.777522
46.509174
41.528881
55.286696
2011-10-20T00:00:00.000Z
8.599465
46.965343
41.258297
55.564809
2011-10-28T00:00:00.000Z
8.931481
47.922749
39.949936
56.854230
2011-11-01T00:00:00.000Z
9.523266
48.938850
38.242821
58.462116
2011-11-09T00:00:00.000Z
8.608171
45.365192
42.764973
53.973364
2011-11-17T00:00:00.000Z
7.683788
45.380943
43.656326
53.064731
2011-11-25T00:00:00.000Z
6.815411
46.140961
43.754101
52.956372
2011-12-03T00:00:00.000Z
6.388267
47.211662
43.115166
53.599929
2011-12-11T00:00:00.000Z
6.923738
48.994526
40.771656
55.918264
2011-12-19T00:00:00.000Z
6.870333
46.820110
43.041340
53.690443
2011-12-27T00:00:00.000Z
6.086832
46.543736
44.117912
52.630567
2012-01-01T00:00:00.000Z
6.198956
46.965008
43.587601
53.163964
2012-01-09T00:00:00.000Z
7.423879
46.189747
43.134453
53.613626
2012-01-17T00:00:00.000Z
11.442668
44.477402
40.664562
55.920070
2012-01-25T00:00:00.000Z
11.506354
45.111572
40.035118
56.617927
2012-02-02T00:00:00.000Z
10.863824
44.896515
40.939682
55.760339
2012-02-10T00:00:00.000Z
10.155783
45.822388
40.742146
55.978170
2012-02-18T00:00:00.000Z
9.536945
46.588840
40.606785
56.125786
2012-02-26T00:00:00.000Z
9.245393
46.799679
40.640915
56.045072
2012-03-01T00:00:00.000Z
8.792886
47.398453
40.502605
56.191339
2012-03-09T00:00:00.000Z
8.555305
47.048565
41.117538
55.603870
2012-03-17T00:00:00.000Z
8.892818
46.881752
40.865788
55.774570
2012-03-25T00:00:00.000Z
13.122586
46.388142
36.954571
59.510728
2012-04-02T00:00:00.000Z
14.806730
47.284439
34.305225
62.091169
2012-04-10T00:00:00.000Z
16.392073
46.616497
33.374420
63.008570
2012-04-18T00:00:00.000Z
17.242697
45.623001
33.562000
62.865698
2012-04-26T00:00:00.000Z
15.941961
46.871979
33.578140
62.813940
2012-05-04T00:00:00.000Z
16.151186
46.914452
33.299023
63.065638
2012-05-12T00:00:00.000Z
16.621870
48.559078
30.997568
65.180948
2012-05-20T00:00:00.000Z
17.103277
48.561371
30.363726
65.664648
2012-05-28T00:00:00.000Z
15.957274
47.914410
32.212330
63.871684
2012-06-01T00:00:00.000Z
15.821512
47.652897
32.614002
63.474409
2012-06-09T00:00:00.000Z
16.919418
47.106956
31.990530
64.026375
2012-06-17T00:00:00.000Z
18.090508
46.874153
30.872797
64.964661
2012-06-25T00:00:00.000Z
17.147337
46.623043
32.060234
63.770380
2012-07-03T00:00:00.000Z
15.602837
46.959427
33.275681
62.562263
2012-07-11T00:00:00.000Z
14.614741
47.795021
33.389015
62.409762
2012-07-19T00:00:00.000Z
13.926962
48.532898
33.378498
62.459860
2012-07-27T00:00:00.000Z
12.400069
48.953098
34.589451
61.353168
2012-08-04T00:00:00.000Z
11.653891
49.197132
35.079430
60.851023
2012-08-12T00:00:00.000Z
10.959085
49.087383
35.964363
60.046469
2012-08-20T00:00:00.000Z
9.838268
49.589520
36.675671
59.427788
2012-08-28T00:00:00.000Z
8.636042
49.851978
37.691357
58.488020
2012-09-01T00:00:00.000Z
8.156106
49.790524
38.257095
57.946630
2012-09-09T00:00:00.000Z
7.642710
50.024296
38.532776
57.667006
2012-09-17T00:00:00.000Z
7.100225
49.793530
39.330997
56.893755
2012-09-25T00:00:00.000Z
6.224399
49.708973
40.375408
55.933372
2012-10-03T00:00:00.000Z
5.554669
49.904087
40.927303
55.458756
2012-10-11T00:00:00.000Z
5.431235
50.058380
40.905567
55.489615
2012-10-19T00:00:00.000Z
5.320756
49.419178
41.629551
54.739934
2012-10-27T00:00:00.000Z
4.678546
49.856686
41.843208
54.535232
2012-11-04T00:00:00.000Z
4.313129
49.813923
42.325485
54.127052
2012-11-12T00:00:00.000Z
4.757149
48.796970
42.946938
53.554119
2012-11-20T00:00:00.000Z
4.572869
49.006802
42.887669
53.579671
2012-11-28T00:00:00.000Z
4.236071
48.258469
43.989159
52.494539
2012-12-02T00:00:00.000Z
4.392707
47.977013
44.166466
52.369720
2012-12-10T00:00:00.000Z
4.396108
48.212158
43.971104
52.608266
2012-12-18T00:00:00.000Z
4.691012
46.633152
45.291542
51.324164
2012-12-26T00:00:00.000Z
4.641723
46.509277
45.478779
51.151000
2013-01-01T00:00:00.000Z
4.343255
47.517590
44.836643
51.860845
2013-01-09T00:00:00.000Z
4.283424
47.644268
44.701271
51.927692
2013-01-17T00:00:00.000Z
5.047228
47.770187
43.706921
52.817416
2013-01-25T00:00:00.000Z
5.534310
46.559361
44.491627
52.093671
2013-02-02T00:00:00.000Z
5.436234
46.394611
44.803581
51.830845
2013-02-10T00:00:00.000Z
5.414095
47.512463
43.747829
52.926558
2013-02-18T00:00:00.000Z
5.196656
48.694431
42.753227
53.891088
2013-02-26T00:00:00.000Z
5.440854
48.997513
42.177990
54.438366
2013-03-02T00:00:00.000Z
5.615138
48.839153
42.162075
54.454291
2013-03-10T00:00:00.000Z
6.467199
48.638054
41.456867
55.105253
2013-03-18T00:00:00.000Z
7.517905
48.870785
40.120159
56.388690
2013-03-26T00:00:00.000Z
7.925162
47.963871
40.636086
55.889033
2013-04-03T00:00:00.000Z
7.947576
48.460941
40.100761
56.408517
2013-04-11T00:00:00.000Z
8.131181
48.876320
39.507565
57.007501
2013-04-19T00:00:00.000Z
8.619652
49.318802
38.461212
57.938454
2013-04-27T00:00:00.000Z
9.088704
49.830692
37.387672
58.919396
2013-05-01T00:00:00.000Z
9.040405
50.238098
37.020473
59.278503
2013-05-09T00:00:00.000Z
10.907492
49.400040
35.806568
60.307531
2013-05-17T00:00:00.000Z
11.545762
48.641010
35.912449
60.186772
2013-05-25T00:00:00.000Z
12.386598
48.068573
35.572296
60.455171
2013-06-02T00:00:00.000Z
12.958355
48.025826
34.928421
60.984180
2013-06-10T00:00:00.000Z
12.860620
48.315613
34.631622
61.176232
2013-06-18T00:00:00.000Z
12.698482
48.042549
34.982044
60.741031
2013-06-26T00:00:00.000Z
11.567757
47.974693
36.172359
59.542450
2013-07-04T00:00:00.000Z
11.570444
47.366829
36.844475
58.937273
2013-07-12T00:00:00.000Z
11.708660
47.278034
36.806835
58.986694
2013-07-20T00:00:00.000Z
11.207617
47.363018
37.303391
58.570635
2013-07-28T00:00:00.000Z
10.578349
47.557568
37.765926
58.135917
2013-08-01T00:00:00.000Z
10.452281
47.500935
38.007069
57.953216
2013-08-09T00:00:00.000Z
10.065201
47.651958
38.278633
57.717159
2013-08-17T00:00:00.000Z
9.062942
47.686481
39.412296
56.749423
2013-08-25T00:00:00.000Z
7.832077
48.000530
40.375465
55.832607
2013-09-02T00:00:00.000Z
7.118969
47.593967
41.528027
54.712936
2013-09-10T00:00:00.000Z
6.241329
48.730366
41.202545
54.971694
2013-09-18T00:00:00.000Z
5.084114
48.094986
43.136600
53.179100
2013-09-26T00:00:00.000Z
4.394439
47.484863
44.559574
51.879302
2013-10-04T00:00:00.000Z
4.048916
46.904556
45.636799
50.953473
2013-10-12T00:00:00.000Z
3.642673
47.131069
45.888153
50.773742
2013-10-20T00:00:00.000Z
3.415858
47.498421
45.741020
50.914279
2013-10-28T00:00:00.000Z
3.232684
47.554466
45.864822
50.787150
2013-11-01T00:00:00.000Z
3.194557
47.598068
45.891644
50.792625
2013-11-09T00:00:00.000Z
3.210080
46.640453
46.846004
49.850534
2013-11-17T00:00:00.000Z
2.880561
47.115734
46.678944
49.996295
2013-11-25T00:00:00.000Z
2.531107
47.142975
47.044033
49.674082
2013-12-03T00:00:00.000Z
2.701090
46.970848
47.072605
49.671938
2013-12-11T00:00:00.000Z
3.007185
45.498077
48.212986
48.505262
2013-12-19T00:00:00.000Z
2.669756
45.377567
48.712105
48.047323
2013-12-27T00:00:00.000Z
2.520158
47.483204
46.822372
50.003362
2014-01-01T00:00:00.000Z
3.298927
47.472332
46.045013
50.771259
2014-01-09T00:00:00.000Z
4.443141
46.353336
46.001102
50.796478
2014-01-17T00:00:00.000Z
4.738604
45.848095
46.278351
50.586699
2014-01-25T00:00:00.000Z
6.855402
47.001740
42.912083
53.857141
2014-02-02T00:00:00.000Z
9.189837
46.318287
41.222775
55.508124
2014-02-10T00:00:00.000Z
10.681020
44.630764
41.418209
55.311784
2014-02-18T00:00:00.000Z
11.161264
45.053032
40.526836
56.214296
2014-02-26T00:00:00.000Z
10.672597
45.186050
40.933067
55.858647
2014-03-02T00:00:00.000Z
10.320003
45.415752
41.083836
55.735755
2014-03-10T00:00:00.000Z
10.165442
46.159821
40.490070
56.325262
2014-03-18T00:00:00.000Z
9.464514
48.007114
39.271149
57.471628
2014-03-26T00:00:00.000Z
10.385338
48.972675
37.326366
59.358013
2014-04-03T00:00:00.000Z
12.038322
49.018559
35.435848
61.056881
2014-04-11T00:00:00.000Z
10.915792
48.685562
36.876431
59.601354
2014-04-19T00:00:00.000Z
10.703496
47.738327
38.073200
58.441823
2014-04-27T00:00:00.000Z
11.574509
48.052013
36.817566
59.626522
2014-05-01T00:00:00.000Z
12.677533
47.987514
35.747406
60.665048
2014-05-09T00:00:00.000Z
15.231663
47.834137
33.055145
63.065800
2014-05-17T00:00:00.000Z
16.545591
47.404659
32.128819
63.950251
2014-05-25T00:00:00.000Z
18.268711
45.775547
32.063637
64.044258
2014-06-02T00:00:00.000Z
18.747370
44.478104
32.917725
63.225473
2014-06-10T00:00:00.000Z
19.445425
44.136974
32.491444
63.582399
2014-06-18T00:00:00.000Z
19.040728
44.206455
32.853645
63.247183
2014-06-26T00:00:00.000Z
18.078239
45.051315
33.036003
63.129555
2014-07-04T00:00:00.000Z
16.938337
45.849739
33.418674
62.788076
2014-07-12T00:00:00.000Z
15.856510
46.368893
33.997795
62.225403
2014-07-20T00:00:00.000Z
14.974140
46.595303
34.727821
61.569443
2014-07-28T00:00:00.000Z
14.134844
47.113602
35.063839
61.248446
2014-08-01T00:00:00.000Z
13.630333
47.517391
35.166264
61.147724
2014-08-09T00:00:00.000Z
12.121790
48.241673
36.029671
60.363462
2014-08-17T00:00:00.000Z
11.146026
48.647644
36.670776
59.793670
2014-08-25T00:00:00.000Z
9.627563
48.596996
38.315502
58.224559
2014-09-02T00:00:00.000Z
9.704539
48.338383
38.521553
58.042922
2014-09-10T00:00:00.000Z
7.972499
48.844391
39.774517
56.816890
2014-09-18T00:00:00.000Z
7.067678
48.832279
40.701473
55.899958
2014-09-26T00:00:00.000Z
6.234365
48.742645
41.643749
54.977010
2014-10-04T00:00:00.000Z
5.499813
48.818569
42.329266
54.318382
2014-10-12T00:00:00.000Z
5.192507
48.842648
42.658104
54.035154
2014-10-20T00:00:00.000Z
5.588352
48.369808
42.675743
53.958160
2014-10-28T00:00:00.000Z
5.073045
47.664509
43.896389
52.737554
2014-11-01T00:00:00.000Z
5.012334
47.447651
44.162354
52.459985
2014-11-09T00:00:00.000Z
4.683130
47.392944
44.537106
52.076074
2014-11-17T00:00:00.000Z
4.310966
47.200897
45.127354
51.511864
2014-11-25T00:00:00.000Z
3.732387
47.075901
45.885010
50.808288
2014-12-03T00:00:00.000Z
3.481056
46.548916
46.736763
50.029972
2014-12-11T00:00:00.000Z
3.353059
46.621063
46.849220
49.974122
2014-12-19T00:00:00.000Z
3.432877
47.200985
46.161465
50.633862
2014-12-27T00:00:00.000Z
3.465070
46.962250
46.383091
50.427320
2015-01-01T00:00:00.000Z
3.536335
46.668320
46.635986
50.204655
2015-01-09T00:00:00.000Z
3.405160
46.952499
46.498657
50.357659
2015-01-17T00:00:00.000Z
3.230731
47.349712
46.329586
50.580444
2015-01-25T00:00:00.000Z
3.997169
48.768501
44.191856
52.765671
2015-02-02T00:00:00.000Z
4.703550
48.139656
44.013741
52.843206
2015-02-10T00:00:00.000Z
4.494465
47.075779
45.330872
51.570244
2015-02-18T00:00:00.000Z
4.527382
47.901203
44.480579
52.428586
2015-02-26T00:00:00.000Z
4.364619
49.059174
43.495247
53.423793
2015-03-02T00:00:00.000Z
4.962737
49.002724
42.907398
53.965460
2015-03-10T00:00:00.000Z
8.391080
48.329014
39.820076
56.720094
2015-03-18T00:00:00.000Z
10.279616
46.461613
39.802147
56.741229
2015-03-26T00:00:00.000Z
11.958445
45.654354
38.910931
57.612799
2015-04-03T00:00:00.000Z
13.685678
47.615349
35.094910
61.301027
2015-04-11T00:00:00.000Z
15.118522
46.393929
34.766220
61.512450
2015-04-19T00:00:00.000Z
15.915885
45.284672
35.093571
61.200557
2015-04-27T00:00:00.000Z
17.409842
45.930641
32.947170
63.340483
2015-05-01T00:00:00.000Z
17.729845
46.166809
32.318443
63.896654
2015-05-09T00:00:00.000Z
18.143532
46.159348
31.846611
64.302879
2015-05-17T00:00:00.000Z
18.219641
46.529491
31.440392
64.749132
2015-05-25T00:00:00.000Z
18.469120
47.005810
30.601904
65.474930
2015-06-02T00:00:00.000Z
17.383301
47.368382
31.267653
64.751682
2015-06-10T00:00:00.000Z
17.066013
47.419006
31.571968
64.485020
2015-06-18T00:00:00.000Z
18.696299
46.898823
30.303396
65.595121
2015-06-26T00:00:00.000Z
18.654381
46.250271
30.935730
64.904652
2015-07-04T00:00:00.000Z
17.659105
46.197525
32.055088
63.856630
2015-07-12T00:00:00.000Z
16.897900
46.548843
32.503155
63.446743
2015-07-20T00:00:00.000Z
16.738377
45.980633
33.333233
62.719009
2015-07-28T00:00:00.000Z
16.094458
46.216808
33.787579
62.311266
2015-08-01T00:00:00.000Z
15.411732
46.727318
33.916882
62.139050
2015-08-09T00:00:00.000Z
13.100577
47.660576
35.328545
60.761153
2015-08-17T00:00:00.000Z
12.337295
47.800507
35.980892
60.137801
2015-08-25T00:00:00.000Z
11.189027
47.512127
37.577518
58.701154
2015-09-02T00:00:00.000Z
9.609850
49.231937
37.418968
58.841787
2015-09-10T00:00:00.000Z
8.241477
49.168331
38.943760
57.409808
2015-09-18T00:00:00.000Z
7.131608
49.448586
39.854191
56.580193
2015-09-26T00:00:00.000Z
6.600578
48.881111
41.012688
55.481689
2015-10-04T00:00:00.000Z
6.006683
49.056416
41.458141
55.063099
2015-10-12T00:00:00.000Z
5.266332
49.992550
41.339207
55.258882
2015-10-20T00:00:00.000Z
5.125665
49.497124
41.979122
54.622788
2015-10-28T00:00:00.000Z
4.769458
49.728725
42.152649
54.498184
2015-11-01T00:00:00.000Z
4.538496
49.726822
42.403790
54.265317
2015-11-09T00:00:00.000Z
3.693716
50.023853
43.007675
53.717569
2015-11-17T00:00:00.000Z
3.461298
50.078358
43.194008
53.539656
2015-11-25T00:00:00.000Z
3.722759
49.554070
43.405811
53.276829
2015-12-03T00:00:00.000Z
3.838387
47.565941
45.266979
51.404327
2015-12-11T00:00:00.000Z
3.647498
46.886253
46.213436
50.533751
2015-12-19T00:00:00.000Z
3.487134
47.731159
45.543777
51.218294
2015-12-27T00:00:00.000Z
3.610894
47.446198
45.711742
51.057091
2016-01-01T00:00:00.000Z
3.920380
47.069496
45.786251
50.989876
2016-01-09T00:00:00.000Z
4.136654
47.786491
44.857220
51.923145
2016-01-17T00:00:00.000Z
4.186796
48.652683
43.911919
52.839479
2016-01-25T00:00:00.000Z
4.957401
49.606377
42.121830
54.563777
2016-02-02T00:00:00.000Z
5.930367
46.411579
44.342381
52.341946
2016-02-10T00:00:00.000Z
5.974535
46.128506
44.595081
52.103040
2016-02-18T00:00:00.000Z
5.855319
46.427990
44.461395
52.283309
2016-02-26T00:00:00.000Z
5.882304
47.098671
43.806664
52.980975
2016-03-01T00:00:00.000Z
6.332898
47.491291
42.923702
53.824189
2016-03-09T00:00:00.000Z
6.484554
47.943474
42.244045
54.428028
2016-03-17T00:00:00.000Z
6.982446
48.223621
41.445614
55.206067
2016-03-25T00:00:00.000Z
8.329946
48.854698
39.382263
57.184644
2016-04-02T00:00:00.000Z
8.469442
48.103329
39.967033
56.572771
2016-04-10T00:00:00.000Z
9.733561
48.409367
38.292751
58.142927
2016-04-18T00:00:00.000Z
10.376685
49.253529
36.702450
59.630214
2016-04-26T00:00:00.000Z
10.633356
49.316845
36.359558
59.950201
2016-05-04T00:00:00.000Z
11.019447
48.844795
36.380539
59.864243
2016-05-12T00:00:00.000Z
11.498860
48.440411
36.296429
59.939271
2016-05-20T00:00:00.000Z
12.642539
48.535843
35.043221
61.178382
2016-05-28T00:00:00.000Z
13.208536
48.024502
34.814816
61.233038
2016-06-01T00:00:00.000Z
13.372311
47.386551
35.276604
60.758862
2016-06-09T00:00:00.000Z
14.477984
47.224373
34.217812
61.702357
2016-06-17T00:00:00.000Z
14.591111
47.657589
33.480633
62.248700
2016-06-25T00:00:00.000Z
13.331744
48.199123
34.193501
61.530868
2016-07-03T00:00:00.000Z
13.437627
48.311707
33.967201
61.749333
2016-07-11T00:00:00.000Z
13.797827
48.378197
33.578056
62.176023
2016-07-19T00:00:00.000Z
12.753696
48.075909
34.995197
60.829605
2016-07-27T00:00:00.000Z
12.222443
47.863602
35.814739
60.086044
2016-08-04T00:00:00.000Z
11.907002
47.520390
36.550465
59.427392
2016-08-12T00:00:00.000Z
11.852119
47.185524
36.978279
59.037643
2016-08-20T00:00:00.000Z
10.695662
47.979389
37.380344
58.675051
2016-08-28T00:00:00.000Z
9.064028
47.818974
39.255581
56.883001
2016-09-01T00:00:00.000Z
8.294549
47.163887
40.741650
55.458436
2016-09-09T00:00:00.000Z
7.882234
46.738274
41.687294
54.620507
2016-09-17T00:00:00.000Z
6.752131
47.480408
42.169170
54.232538
2016-09-25T00:00:00.000Z
5.952588
47.622120
42.873333
53.574708
2016-10-03T00:00:00.000Z
5.382977
47.411430
43.720242
52.794407
2016-10-11T00:00:00.000Z
4.818959
47.558907
44.174683
52.377866
2016-10-19T00:00:00.000Z
4.547611
47.647961
44.437576
52.195571
2016-10-27T00:00:00.000Z
4.547212
47.897190
44.199497
52.444402
2016-11-04T00:00:00.000Z
3.971182
48.420242
44.239410
52.391424
2016-11-12T00:00:00.000Z
3.419977
48.296158
44.950417
51.716135
2016-11-20T00:00:00.000Z
3.252592
48.189259
45.268604
51.441851
2016-11-28T00:00:00.000Z
3.262399
48.225761
45.227531
51.488160
2016-12-02T00:00:00.000Z
3.249848
47.989269
45.472218
51.239117
2016-12-10T00:00:00.000Z
3.050020
48.344692
45.311646
51.394712
2016-12-18T00:00:00.000Z
2.917451
49.073959
44.717266
51.991411
2016-12-26T00:00:00.000Z
2.947464
48.449413
45.352310
51.396878
2017-01-01T00:00:00.000Z
3.068899
47.969707
45.752022
51.038607
2017-01-09T00:00:00.000Z
3.265647
48.636833
44.916977
51.902480
2017-01-17T00:00:00.000Z
3.663790
49.496555
43.583172
53.160345
2017-01-25T00:00:00.000Z
3.917212
49.022617
43.840508
52.939830
2017-02-02T00:00:00.000Z
4.516301
49.628887
42.624256
54.145188
2017-02-10T00:00:00.000Z
7.476249
49.096016
40.061718
56.572265
2017-02-18T00:00:00.000Z
8.313586
47.428532
40.873802
55.742118
2017-02-26T00:00:00.000Z
8.366109
46.595795
41.695293
54.961904
2017-03-02T00:00:00.000Z
8.373595
46.517189
41.806797
54.890784
2017-03-10T00:00:00.000Z
7.809197
47.999744
40.940605
55.808942
2017-03-18T00:00:00.000Z
7.948314
49.504463
39.216267
57.452777
2017-03-26T00:00:00.000Z
10.857088
49.323666
36.301472
60.180754
2017-04-03T00:00:00.000Z
12.085889
48.006485
36.350384
60.092374
2017-04-11T00:00:00.000Z
14.324792
46.601406
35.503563
60.926198
2017-04-19T00:00:00.000Z
16.831503
46.398148
33.110973
63.229650
2017-04-27T00:00:00.000Z
19.314995
45.738194
31.193697
65.053188
2017-05-01T00:00:00.000Z
19.230871
45.666794
31.365465
64.897665
2017-05-09T00:00:00.000Z
19.363129
45.544941
31.399662
64.908070
2017-05-17T00:00:00.000Z
19.824203
45.741676
30.719954
65.565880
2017-05-25T00:00:00.000Z
20.217077
45.668762
30.411419
65.885839
2017-06-02T00:00:00.000Z
20.137970
45.299503
30.907381
65.437473
2017-06-10T00:00:00.000Z
20.032743
45.347839
31.018372
65.380583
2017-06-18T00:00:00.000Z
19.611719
46.592110
30.133698
66.203829
2017-06-26T00:00:00.000Z
19.169325
46.567009
30.520500
65.736334
2017-07-04T00:00:00.000Z
18.653185
46.132595
31.469593
64.785780
2017-07-12T00:00:00.000Z
17.614901
46.816544
31.857922
64.431444
2017-07-20T00:00:00.000Z
16.564945
47.498482
32.263515
64.063427
2017-07-28T00:00:00.000Z
15.860195
47.371155
33.099781
63.231350
2017-08-01T00:00:00.000Z
15.244114
47.821232
33.238548
63.065346
2017-08-09T00:00:00.000Z
14.782557
47.261986
34.327217
62.044543
2017-08-17T00:00:00.000Z
13.183593
47.135708
36.171543
60.319301
2017-08-25T00:00:00.000Z
11.902081
48.825150
35.680874
60.727230
2017-09-02T00:00:00.000Z
10.589741
48.547646
37.272137
59.137386
2017-09-10T00:00:00.000Z
9.332200
48.028446
39.095901
57.360646
2017-09-18T00:00:00.000Z
8.707356
48.381542
39.328224
57.088899
2017-09-26T00:00:00.000Z
7.764817
48.870842
39.825962
56.635659
2017-10-04T00:00:00.000Z
6.385334
48.904480
41.281715
55.289814
2017-10-12T00:00:00.000Z
6.276151
48.354073
42.000050
54.630224
2017-10-20T00:00:00.000Z
5.818283
48.625469
42.225956
54.443752
2017-10-28T00:00:00.000Z
5.300565
48.620857
42.791756
53.921422
2017-11-01T00:00:00.000Z
5.179201
48.648026
42.892841
53.827227
2017-11-09T00:00:00.000Z
5.304034
49.546070
41.733101
54.850104
2017-11-17T00:00:00.000Z
5.288397
47.629032
43.673233
52.917429
2017-11-25T00:00:00.000Z
4.710287
46.864353
45.138390
51.574640
2017-12-03T00:00:00.000Z
4.496978
47.164249
45.057281
51.661227
2017-12-11T00:00:00.000Z
4.582901
47.711193
44.435131
52.294094
2017-12-19T00:00:00.000Z
4.370606
47.650791
44.766235
52.021398
2017-12-27T00:00:00.000Z
4.125214
48.991589
43.771332
53.116802
2018-01-01T00:00:00.000Z
4.678828
48.803116
43.406376
53.481944
2018-01-09T00:00:00.000Z
4.755392
48.629097
43.471718
53.384489
2018-01-17T00:00:00.000Z
5.582699
47.943878
43.238781
53.526577
2018-01-25T00:00:00.000Z
6.123713
47.845020
42.776829
53.968734
2018-02-02T00:00:00.000Z
6.938268
48.051285
41.761120
54.989552
2018-02-10T00:00:00.000Z
7.157496
49.608006
39.877956
56.765502
2018-02-18T00:00:00.000Z
8.007825
48.034878
40.559349
56.042703
2018-02-26T00:00:00.000Z
8.676022
47.352467
40.547859
56.028488
2018-03-02T00:00:00.000Z
8.691630
47.163048
40.712593
55.854678
2018-03-10T00:00:00.000Z
8.747742
46.345665
41.552448
55.093407
2018-03-18T00:00:00.000Z
8.429613
47.264179
40.973011
55.693792
2018-03-26T00:00:00.000Z
8.214470
47.942711
40.433903
56.157181
2018-04-03T00:00:00.000Z
8.745204
48.170547
39.620461
56.915751
2018-04-11T00:00:00.000Z
8.891187
48.173809
39.424637
57.064996
2018-04-19T00:00:00.000Z
9.109765
48.753975
38.502964
57.863740
2018-04-27T00:00:00.000Z
9.339521
49.245613
37.713718
58.585135
2018-05-01T00:00:00.000Z
9.632822
49.659760
36.963242
59.292582
2018-05-09T00:00:00.000Z
10.223719
49.297100
36.740124
59.520819
2018-05-17T00:00:00.000Z
10.521136
49.124489
36.632641
59.645625
2018-05-25T00:00:00.000Z
10.928249
49.011570
36.332474
59.939819
2018-06-02T00:00:00.000Z
11.666945
48.252979
36.333626
59.919925
2018-06-10T00:00:00.000Z
12.297114
48.393402
35.339371
60.690516
2018-06-18T00:00:00.000Z
12.448783
48.124901
35.392483
60.573684
2018-06-26T00:00:00.000Z
12.056737
48.322708
35.623081
60.379445
2018-07-04T00:00:00.000Z
11.359751
48.420193
36.221043
59.779943
2018-07-12T00:00:00.000Z
10.800586
48.558685
36.621235
59.359271
2018-07-20T00:00:00.000Z
10.578654
48.219261
37.244179
58.797915
2018-07-28T00:00:00.000Z
10.377679
47.576054
38.124287
57.953732
